iteration,state,rewards,count
1,[0 0 0 0 0 1 1 0 0 0 0 0],"{0: '9.333333333333334', 1: '8.333333333333334'}",1
2,[1 0 0 0 0 1 0 0 0 0 0 0],"{0: '9.333333333333334', 1: '8.333333333333334'}",1
4,[1 0 0 0 0 0 1 0 1 0 0 0],"{0: '7.5', 1: '7.5'}",2
5,[0 0 0 0 1 0 0 0 0 1 0 0],"{0: '9.333333333333334', 1: '8.333333333333334'}",1
6,[0 1 0 0 1 0 0 0 0 0 0 0],"{0: '9.333333333333334', 1: '8.333333333333334'}",1
7,[0 0 1 1 0 0 0 0 0 0 0 0],"{0: '9.333333333333334', 1: '8.333333333333334'}",1
8,[0 0 1 0 0 0 0 0 0 0 0 1],"{0: '9.333333333333334', 1: '8.333333333333334'}",1
9,[0 0 0 0 1 0 0 0 0 0 0 1],"{0: '9.333333333333334', 1: '8.333333333333334'}",1
10,[0 1 0 0 0 0 0 0 0 1 0 0],"{0: '9.333333333333334', 1: '8.333333333333334'}",1
11,[0 0 1 0 0 0 0 0 0 0 1 0],"{0: '9.333333333333334', 1: '8.333333333333334'}",1
12,[0 0 0 1 0 0 0 0 0 0 1 0],"{0: '9.333333333333334', 1: '8.333333333333334'}",1
13,[0 0 0 0 0 1 0 0 0 0 1 0],"{0: '9.333333333333334', 1: '8.333333333333334'}",1
14,[1 0 0 0 0 0 0 0 0 0 1 0],"{0: '9.333333333333334', 1: '8.333333333333334'}",1
15,[0 0 0 0 0 0 0 0 1 0 0 1],"{0: '9.333333333333334', 1: '8.333333333333334'}",1
16,[1 0 0 0 0 0 0 0 0 1 0 0],"{0: '9.333333333333334', 1: '8.333333333333334'}",1
17,[0 0 0 1 0 0 0 0 0 1 0 0],"{0: '9.333333333333334', 1: '8.333333333333334'}",1
18,[0 0 1 0 0 0 0 1 0 0 0 0],"{0: '9.333333333333334', 1: '8.333333333333334'}",1
21,[1 0 0 1 1 0 0 0 0 0 0 0],"{0: '7.505235602094241', 1: '7.5'}",3
23,[1 0 1 0 0 0 0 0 0 0 1 0],"{0: '7.510471204188482', 1: '7.5'}",2
24,[0 0 0 0 0 0 0 0 0 1 0 1],"{0: '9.333333333333334', 1: '8.333333333333334'}",1
26,[1 0 0 1 0 0 0 0 0 1 0 0],"{0: '7.510471204188482', 1: '7.5'}",2
29,[1 0 0 0 0 1 0 0 0 0 0 0],"{0: '8.343804537521816', 1: '8.333333333333334'}",3
30,[1 0 0 0 0 0 0 0 1 0 0 0],"{0: '9.333333333333334', 1: '8.333333333333334'}",1
32,[1 0 0 0 0 0 0 0 1 0 0 0],"{0: '8.343804537521816', 1: '8.333333333333334'}",2
33,[1 0 0 0 0 0 0 0 0 1 0 0],"{0: '9.333333333333334', 1: '8.333333333333334'}",1
34,[0 0 0 0 1 0 0 1 0 0 0 0],"{0: '9.333333333333334', 1: '8.333333333333334'}",1
35,[1 0 0 0 0 0 0 1 0 0 0 0],"{0: '9.333333333333334', 1: '8.333333333333334'}",1
37,[1 0 0 0 0 0 0 0 0 0 1 0],"{0: '8.343804537521816', 1: '8.333333333333334'}",2
38,[1 0 0 0 0 0 0 0 0 0 0 1],"{0: '9.333333333333334', 1: '8.333333333333334'}",1
39,[1 0 0 0 0 0 0 1 0 0 0 0],"{0: '9.333333333333334', 1: '8.333333333333334'}",1
52,[1 1 0 0 0 0 0 0 0 0 0 0],"{0: '8.343804537521816', 1: '8.333333333333334'}",13
62,[1 0 0 0 0 0 0 0 0 0 0 1],"{0: '8.343804537521816', 1: '8.333333333333334'}",10
69,[1 0 0 0 1 0 0 0 0 0 0 0],"{0: '8.343804537521816', 1: '8.333333333333334'}",7
73,[1 0 0 0 1 0 0 0 0 0 0 0],"{0: '8.343804537521816', 1: '8.333333333333334'}",4
76,[1 0 0 0 0 0 0 0 0 0 1 0],"{0: '8.343804537521816', 1: '8.333333333333334'}",3
83,[1 0 0 1 0 0 0 0 0 0 0 1],"{0: '7.505235602094241', 1: '7.5'}",7
84,[1 0 0 0 0 0 0 1 0 0 0 0],"{0: '9.333333333333334', 1: '8.333333333333334'}",1
95,[1 0 0 0 0 0 0 0 0 0 0 1],"{0: '8.343804537521816', 1: '8.333333333333334'}",11
103,[1 1 0 0 0 0 0 0 0 0 0 0],"{0: '8.343804537521816', 1: '8.333333333333334'}",8
104,[1 0 0 0 0 0 0 0 0 1 0 0],"{0: '9.333333333333334', 1: '8.333333333333334'}",1
106,[1 0 0 0 0 0 1 0 0 0 0 0],"{0: '8.343804537521816', 1: '8.333333333333334'}",2
109,[1 0 0 0 1 0 0 0 0 0 0 0],"{0: '8.343804537521816', 1: '8.333333333333334'}",3
112,[1 0 0 0 0 0 0 1 0 0 0 0],"{0: '8.343804537521816', 1: '8.333333333333334'}",3
113,[1 0 1 0 0 0 0 0 0 0 0 0],"{0: '9.333333333333334', 1: '8.333333333333334'}",1
115,[1 0 0 0 0 0 1 0 0 0 0 0],"{0: '8.343804537521816', 1: '8.333333333333334'}",2
116,[1 0 0 0 0 0 0 1 0 0 0 0],"{0: '9.333333333333334', 1: '8.333333333333334'}",1
118,[1 0 0 0 0 0 0 0 0 0 1 0],"{0: '8.343804537521816', 1: '8.333333333333334'}",2
124,[1 0 0 0 0 0 0 0 0 0 0 1],"{0: '8.343804537521816', 1: '8.333333333333334'}",6
132,[1 0 0 0 0 0 1 0 0 0 0 0],"{0: '8.343804537521816', 1: '8.333333333333334'}",8
139,[1 0 0 0 0 0 0 0 0 1 0 0],"{0: '8.343804537521816', 1: '8.333333333333334'}",7
147,[1 0 0 0 0 1 0 0 0 0 0 0],"{0: '8.343804537521816', 1: '8.333333333333334'}",8
148,[1 1 0 0 0 0 0 0 0 0 0 0],"{0: '9.333333333333334', 1: '8.333333333333334'}",1
161,[1 0 0 1 0 0 0 0 1 0 0 0],"{0: '7.505235602094241', 1: '7.5'}",13
167,[1 0 0 0 0 0 0 1 0 0 0 0],"{0: '8.343804537521816', 1: '8.333333333333334'}",6
172,[1 0 0 0 0 0 0 0 0 0 0 1],"{0: '8.343804537521816', 1: '8.333333333333334'}",5
175,[1 0 0 0 0 0 0 0 0 0 0 1],"{0: '8.343804537521816', 1: '8.333333333333334'}",3
177,[1 0 0 0 0 0 0 0 0 1 0 0],"{0: '8.343804537521816', 1: '8.333333333333334'}",2
181,[1 0 0 0 0 0 0 0 0 1 0 0],"{0: '8.343804537521816', 1: '8.333333333333334'}",4
187,[1 0 0 0 0 0 0 0 0 0 0 1],"{0: '8.343804537521816', 1: '8.333333333333334'}",6
194,[1 0 0 0 1 0 0 0 0 0 0 0],"{0: '8.343804537521816', 1: '8.333333333333334'}",7
210,[1 0 0 1 0 0 0 0 1 0 0 0],"{0: '7.505235602094241', 1: '7.5'}",16
221,[1 0 0 0 0 0 1 0 0 0 0 0],"{0: '8.343804537521816', 1: '8.333333333333334'}",11
253,[1 0 0 1 1 0 0 0 0 0 0 0],"{0: '7.505235602094241', 1: '7.5'}",32
256,[1 0 0 0 0 0 0 0 1 0 1 0],"{0: '7.510471204188482', 1: '7.5'}",3
257,[1 0 0 0 0 0 0 0 0 1 0 0],"{0: '9.333333333333334', 1: '8.333333333333334'}",1
262,[1 0 0 0 0 1 0 0 0 0 0 0],"{0: '8.343804537521816', 1: '8.333333333333334'}",5
276,[1 0 0 1 0 0 0 1 0 0 0 0],"{0: '7.505235602094241', 1: '7.5'}",14
278,[1 0 0 0 0 0 0 0 0 0 0 1],"{0: '8.343804537521816', 1: '8.333333333333334'}",2
290,[1 0 0 0 0 0 1 0 0 0 0 0],"{0: '8.343804537521816', 1: '8.333333333333334'}",12
292,[1 0 0 0 0 0 1 0 0 0 0 0],"{0: '8.343804537521816', 1: '8.333333333333334'}",2
297,[1 1 0 0 0 0 0 0 0 0 0 0],"{0: '8.343804537521816', 1: '8.333333333333334'}",5
304,[1 0 0 0 0 0 0 0 0 0 0 1],"{0: '8.343804537521816', 1: '8.333333333333334'}",7
309,[1 0 0 0 0 0 0 0 0 1 0 0],"{0: '8.343804537521816', 1: '8.333333333333334'}",5
317,[1 0 1 1 0 0 0 0 0 0 0 0],"{0: '7.505235602094241', 1: '7.5'}",8
320,[1 0 0 0 0 0 0 0 0 1 0 0],"{0: '8.343804537521816', 1: '8.333333333333334'}",3
321,[0 0 0 0 0 0 0 0 0 0 1 1],"{0: '9.333333333333334', 1: '8.333333333333334'}",1
341,[1 0 0 1 0 0 0 0 0 0 0 1],"{0: '7.505235602094241', 1: '7.5'}",20
349,[1 1 0 1 0 0 0 0 0 0 0 0],"{0: '7.505235602094241', 1: '7.5'}",8
351,[1 0 0 1 0 0 0 0 0 0 1 0],"{0: '7.510471204188482', 1: '7.5'}",2
362,[1 0 0 1 1 0 0 0 0 0 0 0],"{0: '7.505235602094241', 1: '7.5'}",11
370,[1 1 0 1 0 0 0 0 0 0 0 0],"{0: '7.505235602094241', 1: '7.5'}",8
372,[1 0 0 0 0 0 0 0 1 0 0 0],"{0: '8.343804537521816', 1: '8.333333333333334'}",2
377,[1 0 0 0 0 0 0 0 0 0 0 1],"{0: '8.343804537521816', 1: '8.333333333333334'}",5
379,[1 0 0 0 0 0 0 1 0 0 0 0],"{0: '8.343804537521816', 1: '8.333333333333334'}",2
384,[1 0 0 0 0 0 1 0 0 0 0 0],"{0: '8.343804537521816', 1: '8.333333333333334'}",5
401,[1 0 0 0 1 0 0 0 0 0 0 0],"{0: '8.343804537521816', 1: '8.333333333333334'}",17
402,[1 0 0 0 0 0 0 1 0 0 0 0],"{0: '9.333333333333334', 1: '8.333333333333334'}",1
406,[1 0 1 0 0 0 0 0 0 0 0 0],"{0: '8.343804537521816', 1: '8.333333333333334'}",4
410,[1 0 0 0 0 0 1 0 0 0 0 0],"{0: '8.343804537521816', 1: '8.333333333333334'}",4
422,[1 0 0 1 0 0 1 0 0 0 0 0],"{0: '7.505235602094241', 1: '7.5'}",12
427,[1 0 0 0 1 0 0 0 0 0 0 0],"{0: '8.343804537521816', 1: '8.333333333333334'}",5
429,[1 0 1 0 0 0 0 0 0 0 0 0],"{0: '8.343804537521816', 1: '8.333333333333334'}",2
437,[1 1 0 0 0 0 0 0 0 0 0 0],"{0: '8.343804537521816', 1: '8.333333333333334'}",8
454,[1 0 1 0 0 0 0 0 0 0 0 0],"{0: '8.343804537521816', 1: '8.333333333333334'}",17
468,[1 0 0 1 0 0 0 0 0 1 0 0],"{0: '7.505235602094241', 1: '7.5'}",14
478,[1 0 1 0 0 0 0 0 0 0 0 0],"{0: '8.343804537521816', 1: '8.333333333333334'}",10
479,[1 0 1 0 0 0 0 0 0 0 0 0],"{0: '9.333333333333334', 1: '8.333333333333334'}",1
481,[1 1 0 0 0 0 0 0 0 0 0 0],"{0: '8.343804537521816', 1: '8.333333333333334'}",2
483,[1 0 0 0 1 0 0 0 0 0 0 0],"{0: '8.343804537521816', 1: '8.333333333333334'}",2
487,[1 0 0 0 0 0 0 1 1 0 0 0],"{0: '7.510471204188482', 1: '7.5'}",4
492,[1 0 0 0 0 0 0 0 1 0 0 0],"{0: '8.343804537521816', 1: '8.333333333333334'}",5
496,[1 0 0 0 1 0 0 0 0 0 0 0],"{0: '8.343804537521816', 1: '8.333333333333334'}",4
497,[1 0 0 0 0 0 0 1 0 0 0 0],"{0: '9.333333333333334', 1: '8.333333333333334'}",1
510,[1 0 1 0 0 0 0 0 0 0 0 0],"{0: '8.343804537521816', 1: '8.333333333333334'}",13
512,[1 0 0 0 0 1 0 0 0 0 0 0],"{0: '8.343804537521816', 1: '8.333333333333334'}",2
515,[1 0 0 0 0 0 0 0 0 0 0 1],"{0: '8.343804537521816', 1: '8.333333333333334'}",3
521,[1 0 0 0 0 1 0 0 0 0 0 0],"{0: '8.343804537521816', 1: '8.333333333333334'}",6
522,[0 0 0 0 0 0 0 1 1 0 0 0],"{0: '9.333333333333334', 1: '8.333333333333334'}",1
523,[1 0 0 0 0 0 0 0 0 1 0 0],"{0: '9.333333333333334', 1: '8.333333333333334'}",1
524,[1 0 1 0 0 0 0 0 0 0 0 0],"{0: '9.333333333333334', 1: '8.333333333333334'}",1
527,[1 0 0 0 0 0 0 0 1 0 0 0],"{0: '8.343804537521816', 1: '8.333333333333334'}",3
528,[1 0 0 0 0 0 0 0 0 1 0 0],"{0: '9.333333333333334', 1: '8.333333333333334'}",1
534,[1 0 0 0 0 0 0 0 0 1 0 0],"{0: '8.343804537521816', 1: '8.333333333333334'}",6
538,[1 0 0 0 0 0 0 0 0 0 0 1],"{0: '8.343804537521816', 1: '8.333333333333334'}",4
540,[1 1 0 0 0 0 0 0 0 0 0 0],"{0: '8.343804537521816', 1: '8.333333333333334'}",2
555,[1 0 0 1 0 0 0 0 1 0 0 0],"{0: '7.505235602094241', 1: '7.5'}",15
558,[1 0 0 0 0 0 0 0 0 0 1 0],"{0: '8.343804537521816', 1: '8.333333333333334'}",3
578,[1 0 0 0 0 0 0 0 0 0 0 1],"{0: '8.343804537521816', 1: '8.333333333333334'}",20
580,[1 1 0 0 0 0 0 0 0 0 0 0],"{0: '8.343804537521816', 1: '8.333333333333334'}",2
581,[1 0 0 0 1 0 0 0 0 0 0 0],"{0: '9.333333333333334', 1: '8.333333333333334'}",1
591,[1 0 0 0 0 0 0 0 0 0 1 1],"{0: '7.510471204188482', 1: '7.5'}",10
600,[1 0 1 0 0 0 0 0 0 0 0 0],"{0: '8.343804537521816', 1: '8.333333333333334'}",9
603,[1 0 1 0 0 1 0 0 0 0 0 0],"{0: '7.510471204188482', 1: '7.5'}",3
604,[1 0 0 0 0 0 0 0 1 0 0 0],"{0: '9.333333333333334', 1: '8.333333333333334'}",1
610,[1 1 0 0 0 0 0 0 0 0 1 0],"{0: '7.510471204188482', 1: '7.5'}",6
616,[1 0 0 1 0 0 0 0 0 1 0 0],"{0: '7.505235602094241', 1: '7.5'}",6
619,[1 0 0 0 0 0 0 0 0 0 1 0],"{0: '8.343804537521816', 1: '8.333333333333334'}",3
623,[1 1 0 0 0 0 0 0 0 1 0 0],"{0: '7.510471204188482', 1: '7.5'}",4
626,[1 0 0 0 0 0 0 0 1 0 0 0],"{0: '8.343804537521816', 1: '8.333333333333334'}",3
632,[1 0 0 0 0 0 0 1 0 0 0 0],"{0: '8.343804537521816', 1: '8.333333333333334'}",6
638,[1 0 0 0 0 0 0 0 0 0 1 0],"{0: '8.343804537521816', 1: '8.333333333333334'}",6
642,[1 0 0 0 0 0 1 0 0 0 0 0],"{0: '8.343804537521816', 1: '8.333333333333334'}",4
645,[1 0 0 1 0 0 0 0 0 1 0 0],"{0: '7.510471204188482', 1: '7.5'}",3
648,[1 0 0 0 0 0 0 0 0 1 0 0],"{0: '8.343804537521816', 1: '8.333333333333334'}",3
649,[1 0 0 0 0 0 0 0 1 0 0 0],"{0: '9.333333333333334', 1: '8.333333333333334'}",1
651,[1 0 0 0 0 1 0 0 0 0 0 0],"{0: '8.343804537521816', 1: '8.333333333333334'}",2
652,[1 0 0 0 0 1 0 0 0 0 0 0],"{0: '9.333333333333334', 1: '8.333333333333334'}",1
658,[1 0 0 1 0 0 0 1 0 0 0 0],"{0: '7.510471204188482', 1: '7.5'}",6
670,[1 0 1 1 0 0 0 0 0 0 0 0],"{0: '7.505235602094241', 1: '7.5'}",12
673,[1 0 0 0 0 1 0 0 0 0 0 0],"{0: '8.343804537521816', 1: '8.333333333333334'}",3
684,[1 0 0 0 0 0 0 0 1 0 0 0],"{0: '8.343804537521816', 1: '8.333333333333334'}",11
695,[1 1 0 0 0 0 0 0 0 0 0 0],"{0: '8.343804537521816', 1: '8.333333333333334'}",11
696,[1 1 0 0 0 0 0 0 0 0 0 0],"{0: '9.333333333333334', 1: '8.333333333333334'}",1
709,[1 0 0 0 0 0 0 0 0 0 1 0],"{0: '8.343804537521816', 1: '8.333333333333334'}",13
722,[1 0 0 0 0 1 0 0 0 0 0 0],"{0: '8.343804537521816', 1: '8.333333333333334'}",13
726,[1 0 0 0 0 0 1 0 0 0 0 0],"{0: '8.343804537521816', 1: '8.333333333333334'}",4
731,[1 0 0 0 0 0 0 0 0 0 0 1],"{0: '8.343804537521816', 1: '8.333333333333334'}",5
736,[1 0 0 0 0 0 0 0 1 0 0 0],"{0: '8.343804537521816', 1: '8.333333333333334'}",5
746,[1 1 0 0 0 0 0 0 0 0 0 0],"{0: '8.343804537521816', 1: '8.333333333333334'}",10
747,[1 0 0 0 1 0 0 0 0 0 0 0],"{0: '9.333333333333334', 1: '8.333333333333334'}",1
754,[1 0 0 0 0 0 0 0 1 0 0 0],"{0: '8.343804537521816', 1: '8.333333333333334'}",7
761,[1 0 0 0 0 1 0 0 0 0 0 0],"{0: '8.343804537521816', 1: '8.333333333333334'}",7
765,[1 0 0 0 1 0 0 0 0 0 0 0],"{0: '8.343804537521816', 1: '8.333333333333334'}",4
773,[1 0 0 1 0 0 1 0 0 0 0 0],"{0: '7.505235602094241', 1: '7.5'}",8
779,[1 0 0 0 0 0 0 0 0 0 0 1],"{0: '8.343804537521816', 1: '8.333333333333334'}",6
782,[1 0 0 0 1 0 0 0 0 0 0 0],"{0: '8.343804537521816', 1: '8.333333333333334'}",3
796,[1 0 1 0 0 0 0 0 0 0 0 0],"{0: '8.343804537521816', 1: '8.333333333333334'}",14
798,[1 0 1 0 0 0 0 0 0 0 0 0],"{0: '8.343804537521816', 1: '8.333333333333334'}",2
799,[1 0 0 0 0 0 1 0 0 0 0 0],"{0: '9.333333333333334', 1: '8.333333333333334'}",1
805,[1 0 1 0 0 0 0 0 0 0 0 0],"{0: '8.343804537521816', 1: '8.333333333333334'}",6
812,[1 0 0 1 0 1 0 0 0 0 0 0],"{0: '7.505235602094241', 1: '7.5'}",7
824,[1 0 1 0 0 0 0 0 0 0 0 0],"{0: '8.343804537521816', 1: '8.333333333333334'}",12
828,[1 0 1 1 0 0 0 0 0 0 0 0],"{0: '7.505235602094241', 1: '7.5'}",4
1,[0 0 1 0 0 1 0 0 0 0 0 0],"{0: '9.333333333333334', 1: '8.333333333333334'}",1
2,[1 0 0 0 0 0 0 1 0 0 0 0],"{0: '9.333333333333334', 1: '8.333333333333334'}",1
4,[1 0 1 0 1 0 0 0 0 0 0 0],"{0: '7.507380073800738', 1: '7.5'}",2
7,[0 1 0 0 1 1 0 0 0 1 0 0],"{0: '6.674046740467404', 1: '6.666666666666666'}",3
